3.7256572263329195
3.4446447345039695
3.33339468507838
2.9112150769006506
1.5396004508777688
3.678821801786572
2.8322302902902208
2.5288218483840104
2.2002208512442682
2.2509059914904634
3.0956538595566774
2.146378279546221
2.3395056051407126
3.6274518744013706
3.94709724700576
3.33240455884906
3.0968455743175114
3.2920994772047294
2.700597874403588
3.2960777063701814
2.4401646496501592
2.5763570686023356
2.754175660754571
3.1495705755706136
2.180754559477035
3.0028505061614257
2.529327685977493
2.714128148769583
2.5599877797511654
2.988426287339705
2.7693533954034555
2.638209206931747
3.4756088856291174
2.3743378187961115
3.3014152723640318
2.1177038066838962
2.1522179141448703
2.151245118688267
4.260667129806475
2.600002819795685
3.4938705585740575
1.9630163670388598
2.148950671254591
3.211150996953719
2.538857788714056
2.3771110862794176
3.394811281835807
3.5514211885229106
3.2010520343041806
2.0996751441804746
3.531848442194543
2.673878137237332
1.8975281083602615
2.98861061529522
2.732454937941272
2.548499840940068
2.5946952420684077
3.269581517272326
2.5266031621896405
3.473770434278409
3.2548150666043187
3.6912154887182
3.104052569392442
3.4707941016673143
2.4221696143996514
3.393369385799944
1.740824987474935
2.4659067143493565
2.9077240569408866
2.242917989827066
2.208364306132953
3.773544756612887
3.670270355367708
3.251600813087408
3.701126847477142
3.4942979291174914
2.776798244446792
3.114341073011395
2.4067904520401218
3.750467613866302
3.0830439254800934
3.0478527027203333
3.471691694392497
3.5542929659743314
3.031257999361891
3.6046352988795185
2.5044654807284785
3.3001342896505172
2.3320155481762233
3.305374284522663
2.790436742914499
1.9879096354518717
2.870236855433056
3.57910317917726
3.18296180859545
3.5258478192077303
2.771626285810892
2.513559588181914
3.3909533119170763
3.0638934722689015
3.8739122338058603
3.443722647436348
2.4319839398970906
3.01820319861924
1.8469035473825983
3.3477496191253575
3.087379225893372
2.2433734083811676
2.659368304334457
3.500239000816745
3.4593499724520616
3.1712542080778707
2.030590931678492
4.12243360160603
2.4418029794902205
3.697330205003185
3.6999441035030474
3.2670869034711822
2.014698185042429
2.8284879913776932
2.449973928108501
2.6106390489810454
2.8151866007723454
1.9784570730173665
2.608584842323544
4.157251299981398
3.4918856357978068
3.427207983115877
3.2452163349875898
1.9268678874403773
3.0763002576901117
2.999208110005596
4.116481778694857
2.6880799237505686
2.9226541622535587
2.536205749364219
2.962250066182303
2.9312183414450943
3.6295229910589253
2.4351442832704078
3.2933974492286833
2.4755363687244287
2.6582887759660947
2.714953714246727
2.3285377982207565
3.4325760749562235
2.1498429296068506
3.202534814348048
2.8803006167775305
3.1946650639590364
2.7916688474453832
2.2078380943536113
2.6757618403334735
3.551357201172435
3.713303327806178
3.174053240832784
3.98764939177516
2.4692722017041544
1.661553573086772
3.1789104963586863
2.5471552677904987
2.484655835548871
4.085910750711411
2.8596212401021655
4.008018665619561
3.017889962925772
3.1152568995005443
2.9931587544914646
2.772143217980596
2.454815019755755
1.9221435970078036
4.242661959828485
2.3714244320930162
2.0588264786120756
3.6697427836542413
3.0877047879879496
3.2458110151891817
3.8045157324932273
3.2277940162687644
4.156052274047488
3.971007851292947
2.3261443944369917
2.377863392397297
3.3297187539287836
2.7178059775020413
3.4579323904123687
2.1278956845939927
3.359552336663728
3.6240724017465054
4.398064757142035
2.665628570586268
4.1895570980478585
1.3906232772806448
3.6544698485310176
2.6438468942337456
3.0221221707204746
2.239176809679591
1.937009323172282
3.0847415144898402
3.070222861399061
3.0751797575330793
2.5695138591231386
3.3628648877219662
2.4565553278128327
3.027587025424627
3.710938448990117
1.9074943816993388
2.28845971310876
3.014696446161909
2.8726644765532696
2.903186323916846
3.7034187120261537
2.360464222536957
2.5833443670827343
2.2133103995680194
3.928114796711979
2.2417654948959065
2.558180392727719
3.1936273929900927
2.0138401025220953
2.788336679869318
3.7101626700422026
3.023091681565951
3.209956067493476
3.929066985463253
2.057472052077737
1.951481058175995
2.9038087292192234
2.564343649986737
2.72064680118076
3.916506516812628
3.3744349960508564
3.0299702816598755
2.186350671633064
3.514444865891978
3.387395617251423
1.4914911349446285
3.319220866373191
1.973460042388209
2.914802226631127
2.322307448881685
2.1601561831037555
3.4169208502723314
1.9806395790024767
1.6801288383668582
4.113527358377643
2.516881307826772
2.6168775104870763
3.282949448039948
2.4365986744614734
3.106843538873849
2.7421380040630687
3.1942941530658926
2.749416176286742
2.0151018473804996
2.65867936896038
2.1199799194058064
2.8864139383164313
2.6640618349547056
2.7428016348276825
3.939891631178845
3.037865621238508
2.7959170407430465
2.704086204530887
3.7682763883065973
3.1271119657577
3.3238366435325206
2.6312828564489217
3.3349471706373364
3.0301582570758137
2.971609524592624
2.1323825830289813
2.2395798765834596
2.425073381755801
2.8888128024817528
3.1099429837281805
3.422382565364959
1.93485115444011
4.012142376742102
2.1338346826499137
2.97429192546795
2.802666458967449
2.808500762121298
3.9020231552234907
3.1906062886195516
2.680396452767457
3.318116595917337
3.584535121553362
3.16662783898845
2.5258332461977537
2.6077203571417344
2.318766835241378
3.222323083203289
2.9376793519892583
3.6490085586985668
3.081837169612917
2.994522171132934
4.215298822715748
3.8354953221639247
3.844679424521214
